 
clf
A_1 = [0 0; 0 0.16];
A_2 = [0.85 0.04; -0.04 0.85];
A_3 = [0.2 -0.26; 0.23 0.22];
A_4 = [-0.15 0.28; 0.26 0.24];
b_1 = [0; 0];
b_2 = [0; 1.6];
b_3 = [0; 1.6];
b_4 = [0; 0.44];

% ormbuke
f2([0;0], 10000)

X = [0  2.41 2.64 -2.08 0 ;
     0  3.5 9.96 4.39 1.59];
% plots för de olika affina  avbildningarna
%f1(A_1, b_1, X, 1)
%f1(A_2, b_2, X, 2)
%f1(A_3, b_3, X, 3)
%f1(A_4, b_4, X, 4)